match_id,season,start_date,venue,innings,ball,actual_delivery,batting_team,bowling_team,striker,non_striker,bowler,runs_off_bat,extras,wides,noballs,byes,legbyes,penalty,non_boundary,wicket_type,player_dismissed,other_wicket_type,other_player_dismissed,fielder_1,fielder_2,fielder_3
64887,2004,2004-04-20,Queens Sports Club,1,0.1,0.1,Zimbabwe,Sri Lanka,V Sibanda,BRM Taylor,WPUJC Vaas,0,0,,,,,,,,,,,,,
64887,2004,2004-04-20,Queens Sports Club,1,0.2,0.2,Zimbabwe,Sri Lanka,V Sibanda,BRM Taylor,WPUJC Vaas,0,0,,,,,,,,,,,,,
64887,2004,2004-04-20,Queens Sports Club,1,0.3,0.3,Zimbabwe,Sri Lanka,V Sibanda,BRM Taylor,WPUJC Vaas,0,1,,,,1,,,,,,,,,
64887,2004,2004-04-20,Queens Sports Club,1,0.4,0.4,Zimbabwe,Sri Lanka,BRM Taylor,V Sibanda,WPUJC Vaas,0,0,,,,,,,,,,,,,
64887,2004,2004-04-20,Queens Sports Club,1,0.5,0.5,Zimbabwe,Sri Lanka,BRM Taylor,V Sibanda,WPUJC Vaas,0,0,,,,,,,,,,,,,
64887,2004,2004-04-20,Queens Sports Club,1,0.6,0.6,Zimbabwe,Sri Lanka,BRM Taylor,V Sibanda,WPUJC Vaas,0,0,,,,,,,,,,,,,
64887,2004,2004-04-20,Queens Sports Club,1,1.1,1.1,Zimbabwe,Sri Lanka,V Sibanda,BRM Taylor,DNT Zoysa,0,0,,,,,,,,,,,,,
64887,2004,2004-04-20,Queens Sports Club,1,1.2,1.2,Zimbabwe,Sri Lanka,V Sibanda,BRM Taylor,DNT Zoysa,0,0,,,,,,,,,,,,,
64887,2004,2004-04-20,Queens Sports Club,1,1.3,1.3,Zimbabwe,Sri Lanka,V Sibanda,BRM Taylor,DNT Zoysa,0,0,,,,,,,,,,,,,
64887,2004,2004-04-20,Queens Sports Club,1,1.4,1.4,Zimbabwe,Sri Lanka,V Sibanda,BRM Taylor,DNT Zoysa,0,0,,,,,,,,,,,,,
64887,2004,2004-04-20,Queens Sports Club,1,1.5,1.5,Zimbabwe,Sri Lanka,V Sibanda,BRM Taylor,DNT Zoysa,0,0,,,,,,,,,,,,,
64887,2004,2004-04-20,Queens Sports Club,1,1.6,1.6,Zimbabwe,Sri Lanka,V Sibanda,BRM Taylor,DNT Zoysa,0,0,,,,,,,caught,V Sibanda,,,KC Sangakkara,,
64887,2004,2004-04-20,Queens Sports Club,1,2.1,2.1,Zimbabwe,Sri Lanka,BRM Taylor,DD Ebrahim,WPUJC Vaas,0,0,,,,,,,,,,,,,
64887,2004,2004-04-20,Queens Sports Club,1,2.2,2.2,Zimbabwe,Sri Lanka,BRM Taylor,DD Ebrahim,WPUJC Vaas,0,0,,,,,,,bowled,BRM Taylor,,,,,
64887,2004,2004-04-20,Queens Sports Club,1,2.3,2.3,Zimbabwe,Sri Lanka,T Taibu,DD Ebrahim,WPUJC Vaas,0,0,,,,,,,,,,,,,
64887,2004,2004-04-20,Queens Sports Club,1,2.4,2.4,Zimbabwe,Sri Lanka,T Taibu,DD Ebrahim,WPUJC Vaas,1,0,,,,,,,,,,,,,
64887,2004,2004-04-20,Queens Sports Club,1,2.5,2.5,Zimbabwe,Sri Lanka,DD Ebrahim,T Taibu,WPUJC Vaas,0,0,,,,,,,,,,,,,
64887,2004,2004-04-20,Queens Sports Club,1,2.6,2.6,Zimbabwe,Sri Lanka,DD Ebrahim,T Taibu,WPUJC Vaas,0,0,,,,,,,,,,,,,
64887,2004,2004-04-20,Queens Sports Club,1,3.1,3.1,Zimbabwe,Sri Lanka,T Taibu,DD Ebrahim,DNT Zoysa,0,0,,,,,,,,,,,,,
64887,2004,2004-04-20,Queens Sports Club,1,3.2,3.2,Zimbabwe,Sri Lanka,T Taibu,DD Ebrahim,DNT Zoysa,0,0,,,,,,,,,,,,,
64887,2004,2004-04-20,Queens Sports Club,1,3.3,3.3,Zimbabwe,Sri Lanka,T Taibu,DD Ebrahim,DNT Zoysa,0,0,,,,,,,,,,,,,
64887,2004,2004-04-20,Queens Sports Club,1,3.4,3.4,Zimbabwe,Sri Lanka,T Taibu,DD Ebrahim,DNT Zoysa,0,0,,,,,,,,,,,,,
64887,2004,2004-04-20,Queens Sports Club,1,3.5,3.5,Zimbabwe,Sri Lanka,T Taibu,DD Ebrahim,DNT Zoysa,0,1,1,,,,,,,,,,,,
64887,2004,2004-04-20,Queens Sports Club,1,3.6,3.5,Zimbabwe,Sri Lanka,T Taibu,DD Ebrahim,DNT Zoysa,0,0,,,,,,,,,,,,,
64887,2004,2004-04-20,Queens Sports Club,1,3.7,3.6,Zimbabwe,Sri Lanka,T Taibu,DD Ebrahim,DNT Zoysa,0,0,,,,,,,,,,,,,
64887,2004,2004-04-20,Queens Sports Club,1,4.1,4.1,Zimbabwe,Sri Lanka,DD Ebrahim,T Taibu,WPUJC Vaas,0,0,,,,,,,,,,,,,
64887,2004,2004-04-20,Queens Sports Club,1,4.2,4.2,Zimbabwe,Sri Lanka,DD Ebrahim,T Taibu,WPUJC Vaas,0,0,,,,,,,,,,,,,
64887,2004,2004-04-20,Queens Sports Club,1,4.3,4.3,Zimbabwe,Sri Lanka,DD Ebrahim,T Taibu,WPUJC Vaas,0,0,,,,,,,,,,,,,
64887,2004,2004-04-20,Queens Sports Club,1,4.4,4.4,Zimbabwe,Sri Lanka,DD Ebrahim,T Taibu,WPUJC Vaas,0,0,,,,,,,,,,,,,
64887,2004,2004-04-20,Queens Sports Club,1,4.5,4.5,Zimbabwe,Sri Lanka,DD Ebrahim,T Taibu,WPUJC Vaas,0,0,,,,,,,,,,,,,
64887,2004,2004-04-20,Queens Sports Club,1,4.6,4.6,Zimbabwe,Sri Lanka,DD Ebrahim,T Taibu,WPUJC Vaas,0,0,,,,,,,,,,,,,
64887,2004,2004-04-20,Queens Sports Club,1,5.1,5.1,Zimbabwe,Sri Lanka,T Taibu,DD Ebrahim,DNT Zoysa,0,0,,,,,,,,,,,,,
64887,2004,2004-04-20,Queens Sports Club,1,5.2,5.2,Zimbabwe,Sri Lanka,T Taibu,DD Ebrahim,DNT Zoysa,1,0,,,,,,,,,,,,,
64887,2004,2004-04-20,Queens Sports Club,1,5.3,5.3,Zimbabwe,Sri Lanka,DD Ebrahim,T Taibu,DNT Zoysa,0,4,,,,4,,,,,,,,,
64887,2004,2004-04-20,Queens Sports Club,1,5.4,5.4,Zimbabwe,Sri Lanka,DD Ebrahim,T Taibu,DNT Zoysa,0,0,,,,,,,,,,,,,
64887,2004,2004-04-20,Queens Sports Club,1,5.5,5.5,Zimbabwe,Sri Lanka,DD Ebrahim,T Taibu,DNT Zoysa,0,1,,1,,,,,,,,,,,
64887,2004,2004-04-20,Queens Sports Club,1,5.6,5.5,Zimbabwe,Sri Lanka,DD Ebrahim,T Taibu,DNT Zoysa,1,0,,,,,,,,,,,,,
64887,2004,2004-04-20,Queens Sports Club,1,5.7,5.6,Zimbabwe,Sri Lanka,T Taibu,DD Ebrahim,DNT Zoysa,3,0,,,,,,,,,,,,,
64887,2004,2004-04-20,Queens Sports Club,1,6.1,6.1,Zimbabwe,Sri Lanka,T Taibu,DD Ebrahim,WPUJC Vaas,0,0,,,,,,,,,,,,,
64887,2004,2004-04-20,Queens Sports Club,1,6.2,6.2,Zimbabwe,Sri Lanka,T Taibu,DD Ebrahim,WPUJC Vaas,0,0,,,,,,,,,,,,,
64887,2004,2004-04-20,Queens Sports Club,1,6.3,6.3,Zimbabwe,Sri Lanka,T Taibu,DD Ebrahim,WPUJC Vaas,0,0,,,,,,,,,,,,,
64887,2004,2004-04-20,Queens Sports Club,1,6.4,6.4,Zimbabwe,Sri Lanka,T Taibu,DD Ebrahim,WPUJC Vaas,0,0,,,,,,,,,,,,,
64887,2004,2004-04-20,Queens Sports Club,1,6.5,6.5,Zimbabwe,Sri Lanka,T Taibu,DD Ebrahim,WPUJC Vaas,0,0,,,,,,,,,,,,,
64887,2004,2004-04-20,Queens Sports Club,1,6.6,6.6,Zimbabwe,Sri Lanka,T Taibu,DD Ebrahim,WPUJC Vaas,0,0,,,,,,,,,,,,,
64887,2004,2004-04-20,Queens Sports Club,1,7.1,7.1,Zimbabwe,Sri Lanka,DD Ebrahim,T Taibu,KMDN Kulasekara,0,0,,,,,,,,,,,,,
64887,2004,2004-04-20,Queens Sports Club,1,7.2,7.2,Zimbabwe,Sri Lanka,DD Ebrahim,T Taibu,KMDN Kulasekara,0,0,,,,,,,,,,,,,
64887,2004,2004-04-20,Queens Sports Club,1,7.3,7.3,Zimbabwe,Sri Lanka,DD Ebrahim,T Taibu,KMDN Kulasekara,4,0,,,,,,,,,,,,,
64887,2004,2004-04-20,Queens Sports Club,1,7.4,7.4,Zimbabwe,Sri Lanka,DD Ebrahim,T Taibu,KMDN Kulasekara,0,1,1,,,,,,,,,,,,
64887,2004,2004-04-20,Queens Sports Club,1,7.5,7.4,Zimbabwe,Sri Lanka,DD Ebrahim,T Taibu,KMDN Kulasekara,0,0,,,,,,,,,,,,,
64887,2004,2004-04-20,Queens Sports Club,1,7.6,7.5,Zimbabwe,Sri Lanka,DD Ebrahim,T Taibu,KMDN Kulasekara,0,0,,,,,,,,,,,,,
64887,2004,2004-04-20,Queens Sports Club,1,7.7,7.6,Zimbabwe,Sri Lanka,DD Ebrahim,T Taibu,KMDN Kulasekara,0,0,,,,,,,,,,,,,
64887,2004,2004-04-20,Queens Sports Club,1,8.1,8.1,Zimbabwe,Sri Lanka,T Taibu,DD Ebrahim,WPUJC Vaas,0,0,,,,,,,,,,,,,
64887,2004,2004-04-20,Queens Sports Club,1,8.2,8.2,Zimbabwe,Sri Lanka,T Taibu,DD Ebrahim,WPUJC Vaas,0,0,,,,,,,,,,,,,
64887,2004,2004-04-20,Queens Sports Club,1,8.3,8.3,Zimbabwe,Sri Lanka,T Taibu,DD Ebrahim,WPUJC Vaas,0,0,,,,,,,,,,,,,
64887,2004,2004-04-20,Queens Sports Club,1,8.4,8.4,Zimbabwe,Sri Lanka,T Taibu,DD Ebrahim,WPUJC Vaas,0,0,,,,,,,,,,,,,
64887,2004,2004-04-20,Queens Sports Club,1,8.5,8.5,Zimbabwe,Sri Lanka,T Taibu,DD Ebrahim,WPUJC Vaas,0,0,,,,,,,,,,,,,
64887,2004,2004-04-20,Queens Sports Club,1,8.6,8.6,Zimbabwe,Sri Lanka,T Taibu,DD Ebrahim,WPUJC Vaas,0,0,,,,,,,,,,,,,
64887,2004,2004-04-20,Queens Sports Club,1,9.1,9.1,Zimbabwe,Sri Lanka,DD Ebrahim,T Taibu,KMDN Kulasekara,1,0,,,,,,,,,,,,,
64887,2004,2004-04-20,Queens Sports Club,1,9.2,9.2,Zimbabwe,Sri Lanka,T Taibu,DD Ebrahim,KMDN Kulasekara,1,0,,,,,,,,,,,,,
64887,2004,2004-04-20,Queens Sports Club,1,9.3,9.3,Zimbabwe,Sri Lanka,DD Ebrahim,T Taibu,KMDN Kulasekara,1,0,,,,,,,,,,,,,
64887,2004,2004-04-20,Queens Sports Club,1,9.4,9.4,Zimbabwe,Sri Lanka,T Taibu,DD Ebrahim,KMDN Kulasekara,4,0,,,,,,,,,,,,,
64887,2004,2004-04-20,Queens Sports Club,1,9.5,9.5,Zimbabwe,Sri Lanka,T Taibu,DD Ebrahim,KMDN Kulasekara,4,0,,,,,,,,,,,,,
64887,2004,2004-04-20,Queens Sports Club,1,9.6,9.6,Zimbabwe,Sri Lanka,T Taibu,DD Ebrahim,KMDN Kulasekara,4,0,,,,,,,,,,,,,
64887,2004,2004-04-20,Queens Sports Club,1,10.1,10.1,Zimbabwe,Sri Lanka,DD Ebrahim,T Taibu,WPUJC Vaas,0,0,,,,,,,,,,,,,
64887,2004,2004-04-20,Queens Sports Club,1,10.2,10.2,Zimbabwe,Sri Lanka,DD Ebrahim,T Taibu,WPUJC Vaas,0,0,,,,,,,,,,,,,
64887,2004,2004-04-20,Queens Sports Club,1,10.3,10.3,Zimbabwe,Sri Lanka,DD Ebrahim,T Taibu,WPUJC Vaas,0,0,,,,,,,,,,,,,
64887,2004,2004-04-20,Queens Sports Club,1,10.4,10.4,Zimbabwe,Sri Lanka,DD Ebrahim,T Taibu,WPUJC Vaas,0,0,,,,,,,,,,,,,
64887,2004,2004-04-20,Queens Sports Club,1,10.5,10.5,Zimbabwe,Sri Lanka,DD Ebrahim,T Taibu,WPUJC Vaas,0,0,,,,,,,,,,,,,
64887,2004,2004-04-20,Queens Sports Club,1,10.6,10.6,Zimbabwe,Sri Lanka,DD Ebrahim,T Taibu,WPUJC Vaas,0,0,,,,,,,,,,,,,
64887,2004,2004-04-20,Queens Sports Club,1,11.1,11.1,Zimbabwe,Sri Lanka,T Taibu,DD Ebrahim,M Muralitharan,0,0,,,,,,,,,,,,,
64887,2004,2004-04-20,Queens Sports Club,1,11.2,11.2,Zimbabwe,Sri Lanka,T Taibu,DD Ebrahim,M Muralitharan,0,0,,,,,,,,,,,,,
64887,2004,2004-04-20,Queens Sports Club,1,11.3,11.3,Zimbabwe,Sri Lanka,T Taibu,DD Ebrahim,M Muralitharan,0,0,,,,,,,,,,,,,
64887,2004,2004-04-20,Queens Sports Club,1,11.4,11.4,Zimbabwe,Sri Lanka,T Taibu,DD Ebrahim,M Muralitharan,1,0,,,,,,,,,,,,,
64887,2004,2004-04-20,Queens Sports Club,1,11.5,11.5,Zimbabwe,Sri Lanka,DD Ebrahim,T Taibu,M Muralitharan,0,0,,,,,,,,,,,,,
64887,2004,2004-04-20,Queens Sports Club,1,11.6,11.6,Zimbabwe,Sri Lanka,DD Ebrahim,T Taibu,M Muralitharan,0,0,,,,,,,,,,,,,
64887,2004,2004-04-20,Queens Sports Club,1,12.1,12.1,Zimbabwe,Sri Lanka,T Taibu,DD Ebrahim,WPUJC Vaas,0,0,,,,,,,,,,,,,
64887,2004,2004-04-20,Queens Sports Club,1,12.2,12.2,Zimbabwe,Sri Lanka,T Taibu,DD Ebrahim,WPUJC Vaas,2,0,,,,,,,,,,,,,
64887,2004,2004-04-20,Queens Sports Club,1,12.3,12.3,Zimbabwe,Sri Lanka,T Taibu,DD Ebrahim,WPUJC Vaas,0,0,,,,,,,,,,,,,
64887,2004,2004-04-20,Queens Sports Club,1,12.4,12.4,Zimbabwe,Sri Lanka,T Taibu,DD Ebrahim,WPUJC Vaas,3,0,,,,,,,,,,,,,
64887,2004,2004-04-20,Queens Sports Club,1,12.5,12.5,Zimbabwe,Sri Lanka,DD Ebrahim,T Taibu,WPUJC Vaas,1,0,,,,,,,,,,,,,
64887,2004,2004-04-20,Queens Sports Club,1,12.6,12.6,Zimbabwe,Sri Lanka,T Taibu,DD Ebrahim,WPUJC Vaas,1,0,,,,,,,,,,,,,
64887,2004,2004-04-20,Queens Sports Club,1,13.1,13.1,Zimbabwe,Sri Lanka,T Taibu,DD Ebrahim,M Muralitharan,0,0,,,,,,,,,,,,,
64887,2004,2004-04-20,Queens Sports Club,1,13.2,13.2,Zimbabwe,Sri Lanka,T Taibu,DD Ebrahim,M Muralitharan,0,0,,,,,,,,,,,,,
64887,2004,2004-04-20,Queens Sports Club,1,13.3,13.3,Zimbabwe,Sri Lanka,T Taibu,DD Ebrahim,M Muralitharan,0,0,,,,,,,,,,,,,
64887,2004,2004-04-20,Queens Sports Club,1,13.4,13.4,Zimbabwe,Sri Lanka,T Taibu,DD Ebrahim,M Muralitharan,0,0,,,,,,,,,,,,,
64887,2004,2004-04-20,Queens Sports Club,1,13.5,13.5,Zimbabwe,Sri Lanka,T Taibu,DD Ebrahim,M Muralitharan,0,0,,,,,,,,,,,,,
64887,2004,2004-04-20,Queens Sports Club,1,13.6,13.6,Zimbabwe,Sri Lanka,T Taibu,DD Ebrahim,M Muralitharan,0,0,,,,,,,,,,,,,
64887,2004,2004-04-20,Queens Sports Club,1,14.1,14.1,Zimbabwe,Sri Lanka,DD Ebrahim,T Taibu,DNT Zoysa,1,0,,,,,,,,,,,,,
64887,2004,2004-04-20,Queens Sports Club,1,14.2,14.2,Zimbabwe,Sri Lanka,T Taibu,DD Ebrahim,DNT Zoysa,0,0,,,,,,,,,,,,,
64887,2004,2004-04-20,Queens Sports Club,1,14.3,14.3,Zimbabwe,Sri Lanka,T Taibu,DD Ebrahim,DNT Zoysa,1,0,,,,,,,,,,,,,
64887,2004,2004-04-20,Queens Sports Club,1,14.4,14.4,Zimbabwe,Sri Lanka,DD Ebrahim,T Taibu,DNT Zoysa,0,0,,,,,,,,,,,,,
64887,2004,2004-04-20,Queens Sports Club,1,14.5,14.5,Zimbabwe,Sri Lanka,DD Ebrahim,T Taibu,DNT Zoysa,0,0,,,,,,,,,,,,,
64887,2004,2004-04-20,Queens Sports Club,1,14.6,14.6,Zimbabwe,Sri Lanka,DD Ebrahim,T Taibu,DNT Zoysa,1,0,,,,,,,,,,,,,
64887,2004,2004-04-20,Queens Sports Club,1,15.1,15.1,Zimbabwe,Sri Lanka,DD Ebrahim,T Taibu,M Muralitharan,0,0,,,,,,,,,,,,,
64887,2004,2004-04-20,Queens Sports Club,1,15.2,15.2,Zimbabwe,Sri Lanka,DD Ebrahim,T Taibu,M Muralitharan,2,0,,,,,,,,,,,,,
64887,2004,2004-04-20,Queens Sports Club,1,15.3,15.3,Zimbabwe,Sri Lanka,DD Ebrahim,T Taibu,M Muralitharan,0,0,,,,,,,,,,,,,
64887,2004,2004-04-20,Queens Sports Club,1,15.4,15.4,Zimbabwe,Sri Lanka,DD Ebrahim,T Taibu,M Muralitharan,0,0,,,,,,,,,,,,,
64887,2004,2004-04-20,Queens Sports Club,1,15.5,15.5,Zimbabwe,Sri Lanka,DD Ebrahim,T Taibu,M Muralitharan,1,0,,,,,,,,,,,,,
64887,2004,2004-04-20,Queens Sports Club,1,15.6,15.6,Zimbabwe,Sri Lanka,T Taibu,DD Ebrahim,M Muralitharan,0,0,,,,,,,,,,,,,
64887,2004,2004-04-20,Queens Sports Club,1,16.1,16.1,Zimbabwe,Sri Lanka,DD Ebrahim,T Taibu,DNT Zoysa,0,0,,,,,,,,,,,,,
64887,2004,2004-04-20,Queens Sports Club,1,16.2,16.2,Zimbabwe,Sri Lanka,DD Ebrahim,T Taibu,DNT Zoysa,0,0,,,,,,,,,,,,,
64887,2004,2004-04-20,Queens Sports Club,1,16.3,16.3,Zimbabwe,Sri Lanka,DD Ebrahim,T Taibu,DNT Zoysa,0,0,,,,,,,caught,DD Ebrahim,,,DPMD Jayawardene,,
64887,2004,2004-04-20,Queens Sports Club,1,16.4,16.4,Zimbabwe,Sri Lanka,E Chigumbura,T Taibu,DNT Zoysa,0,0,,,,,,,,,,,,,
64887,2004,2004-04-20,Queens Sports Club,1,16.5,16.5,Zimbabwe,Sri Lanka,E Chigumbura,T Taibu,DNT Zoysa,0,0,,,,,,,,,,,,,
64887,2004,2004-04-20,Queens Sports Club,1,16.6,16.6,Zimbabwe,Sri Lanka,E Chigumbura,T Taibu,DNT Zoysa,0,0,,,,,,,,,,,,,
64887,2004,2004-04-20,Queens Sports Club,1,17.1,17.1,Zimbabwe,Sri Lanka,T Taibu,E Chigumbura,UDU Chandana,0,0,,,,,,,,,,,,,
64887,2004,2004-04-20,Queens Sports Club,1,17.2,17.2,Zimbabwe,Sri Lanka,T Taibu,E Chigumbura,UDU Chandana,0,0,,,,,,,,,,,,,
64887,2004,2004-04-20,Queens Sports Club,1,17.3,17.3,Zimbabwe,Sri Lanka,T Taibu,E Chigumbura,UDU Chandana,0,2,,2,,,,,,,,,,,
64887,2004,2004-04-20,Queens Sports Club,1,17.4,17.3,Zimbabwe,Sri Lanka,E Chigumbura,T Taibu,UDU Chandana,0,0,,,,,,,,,,,,,
64887,2004,2004-04-20,Queens Sports Club,1,17.5,17.4,Zimbabwe,Sri Lanka,E Chigumbura,T Taibu,UDU Chandana,4,0,,,,,,,,,,,,,
64887,2004,2004-04-20,Queens Sports Club,1,17.6,17.5,Zimbabwe,Sri Lanka,E Chigumbura,T Taibu,UDU Chandana,0,0,,,,,,,,,,,,,
64887,2004,2004-04-20,Queens Sports Club,1,17.7,17.6,Zimbabwe,Sri Lanka,E Chigumbura,T Taibu,UDU Chandana,0,0,,,,,,,,,,,,,
64887,2004,2004-04-20,Queens Sports Club,1,18.1,18.1,Zimbabwe,Sri Lanka,T Taibu,E Chigumbura,DNT Zoysa,0,0,,,,,,,,,,,,,
64887,2004,2004-04-20,Queens Sports Club,1,18.2,18.2,Zimbabwe,Sri Lanka,T Taibu,E Chigumbura,DNT Zoysa,1,0,,,,,,,,,,,,,
64887,2004,2004-04-20,Queens Sports Club,1,18.3,18.3,Zimbabwe,Sri Lanka,E Chigumbura,T Taibu,DNT Zoysa,0,0,,,,,,,,,,,,,
64887,2004,2004-04-20,Queens Sports Club,1,18.4,18.4,Zimbabwe,Sri Lanka,E Chigumbura,T Taibu,DNT Zoysa,0,0,,,,,,,,,,,,,
64887,2004,2004-04-20,Queens Sports Club,1,18.5,18.5,Zimbabwe,Sri Lanka,E Chigumbura,T Taibu,DNT Zoysa,4,0,,,,,,,,,,,,,
64887,2004,2004-04-20,Queens Sports Club,1,18.6,18.6,Zimbabwe,Sri Lanka,E Chigumbura,T Taibu,DNT Zoysa,0,0,,,,,,,,,,,,,
64887,2004,2004-04-20,Queens Sports Club,1,19.1,19.1,Zimbabwe,Sri Lanka,T Taibu,E Chigumbura,UDU Chandana,0,0,,,,,,,,,,,,,
64887,2004,2004-04-20,Queens Sports Club,1,19.2,19.2,Zimbabwe,Sri Lanka,T Taibu,E Chigumbura,UDU Chandana,0,0,,,,,,,,,,,,,
64887,2004,2004-04-20,Queens Sports Club,1,19.3,19.3,Zimbabwe,Sri Lanka,T Taibu,E Chigumbura,UDU Chandana,1,0,,,,,,,,,,,,,
64887,2004,2004-04-20,Queens Sports Club,1,19.4,19.4,Zimbabwe,Sri Lanka,E Chigumbura,T Taibu,UDU Chandana,0,0,,,,,,,,,,,,,
64887,2004,2004-04-20,Queens Sports Club,1,19.5,19.5,Zimbabwe,Sri Lanka,E Chigumbura,T Taibu,UDU Chandana,1,0,,,,,,,,,,,,,
64887,2004,2004-04-20,Queens Sports Club,1,19.6,19.6,Zimbabwe,Sri Lanka,T Taibu,E Chigumbura,UDU Chandana,0,0,,,,,,,,,,,,,
64887,2004,2004-04-20,Queens Sports Club,1,20.1,20.1,Zimbabwe,Sri Lanka,E Chigumbura,T Taibu,DNT Zoysa,4,0,,,,,,,,,,,,,
64887,2004,2004-04-20,Queens Sports Club,1,20.2,20.2,Zimbabwe,Sri Lanka,E Chigumbura,T Taibu,DNT Zoysa,0,0,,,,,,,,,,,,,
64887,2004,2004-04-20,Queens Sports Club,1,20.3,20.3,Zimbabwe,Sri Lanka,E Chigumbura,T Taibu,DNT Zoysa,0,0,,,,,,,caught,E Chigumbura,,,M Muralitharan,,
64887,2004,2004-04-20,Queens Sports Club,1,20.4,20.4,Zimbabwe,Sri Lanka,T Taibu,S Matsikenyeri,DNT Zoysa,2,0,,,,,,,,,,,,,
64887,2004,2004-04-20,Queens Sports Club,1,20.5,20.5,Zimbabwe,Sri Lanka,T Taibu,S Matsikenyeri,DNT Zoysa,0,0,,,,,,,,,,,,,
64887,2004,2004-04-20,Queens Sports Club,1,20.6,20.6,Zimbabwe,Sri Lanka,T Taibu,S Matsikenyeri,DNT Zoysa,0,0,,,,,,,,,,,,,
64887,2004,2004-04-20,Queens Sports Club,1,21.1,21.1,Zimbabwe,Sri Lanka,S Matsikenyeri,T Taibu,UDU Chandana,1,0,,,,,,,,,,,,,
64887,2004,2004-04-20,Queens Sports Club,1,21.2,21.2,Zimbabwe,Sri Lanka,T Taibu,S Matsikenyeri,UDU Chandana,1,0,,,,,,,,,,,,,
64887,2004,2004-04-20,Queens Sports Club,1,21.3,21.3,Zimbabwe,Sri Lanka,S Matsikenyeri,T Taibu,UDU Chandana,0,0,,,,,,,,,,,,,
64887,2004,2004-04-20,Queens Sports Club,1,21.4,21.4,Zimbabwe,Sri Lanka,S Matsikenyeri,T Taibu,UDU Chandana,1,0,,,,,,,,,,,,,
64887,2004,2004-04-20,Queens Sports Club,1,21.5,21.5,Zimbabwe,Sri Lanka,T Taibu,S Matsikenyeri,UDU Chandana,0,0,,,,,,,,,,,,,
64887,2004,2004-04-20,Queens Sports Club,1,21.6,21.6,Zimbabwe,Sri Lanka,T Taibu,S Matsikenyeri,UDU Chandana,1,0,,,,,,,,,,,,,
64887,2004,2004-04-20,Queens Sports Club,1,22.1,22.1,Zimbabwe,Sri Lanka,T Taibu,S Matsikenyeri,ST Jayasuriya,0,0,,,,,,,,,,,,,
64887,2004,2004-04-20,Queens Sports Club,1,22.2,22.2,Zimbabwe,Sri Lanka,T Taibu,S Matsikenyeri,ST Jayasuriya,1,0,,,,,,,,,,,,,
64887,2004,2004-04-20,Queens Sports Club,1,22.3,22.3,Zimbabwe,Sri Lanka,S Matsikenyeri,T Taibu,ST Jayasuriya,0,0,,,,,,,,,,,,,
64887,2004,2004-04-20,Queens Sports Club,1,22.4,22.4,Zimbabwe,Sri Lanka,S Matsikenyeri,T Taibu,ST Jayasuriya,1,0,,,,,,,,,,,,,
64887,2004,2004-04-20,Queens Sports Club,1,22.5,22.5,Zimbabwe,Sri Lanka,T Taibu,S Matsikenyeri,ST Jayasuriya,0,0,,,,,,,,,,,,,
64887,2004,2004-04-20,Queens Sports Club,1,22.6,22.6,Zimbabwe,Sri Lanka,T Taibu,S Matsikenyeri,ST Jayasuriya,0,0,,,,,,,,,,,,,
64887,2004,2004-04-20,Queens Sports Club,1,23.1,23.1,Zimbabwe,Sri Lanka,S Matsikenyeri,T Taibu,UDU Chandana,0,0,,,,,,,,,,,,,
64887,2004,2004-04-20,Queens Sports Club,1,23.2,23.2,Zimbabwe,Sri Lanka,S Matsikenyeri,T Taibu,UDU Chandana,1,0,,,,,,,,,,,,,
64887,2004,2004-04-20,Queens Sports Club,1,23.3,23.3,Zimbabwe,Sri Lanka,T Taibu,S Matsikenyeri,UDU Chandana,1,0,,,,,,,,,,,,,
64887,2004,2004-04-20,Queens Sports Club,1,23.4,23.4,Zimbabwe,Sri Lanka,S Matsikenyeri,T Taibu,UDU Chandana,0,0,,,,,,,,,,,,,
64887,2004,2004-04-20,Queens Sports Club,1,23.5,23.5,Zimbabwe,Sri Lanka,S Matsikenyeri,T Taibu,UDU Chandana,0,2,,,2,,,,,,,,,,
64887,2004,2004-04-20,Queens Sports Club,1,23.6,23.6,Zimbabwe,Sri Lanka,S Matsikenyeri,T Taibu,UDU Chandana,2,0,,,,,,,,,,,,,
64887,2004,2004-04-20,Queens Sports Club,1,24.1,24.1,Zimbabwe,Sri Lanka,T Taibu,S Matsikenyeri,M Muralitharan,1,0,,,,,,,,,,,,,
64887,2004,2004-04-20,Queens Sports Club,1,24.2,24.2,Zimbabwe,Sri Lanka,S Matsikenyeri,T Taibu,M Muralitharan,0,0,,,,,,,,,,,,,
64887,2004,2004-04-20,Queens Sports Club,1,24.3,24.3,Zimbabwe,Sri Lanka,S Matsikenyeri,T Taibu,M Muralitharan,0,0,,,,,,,,,,,,,
64887,2004,2004-04-20,Queens Sports Club,1,24.4,24.4,Zimbabwe,Sri Lanka,S Matsikenyeri,T Taibu,M Muralitharan,0,0,,,,,,,,,,,,,
64887,2004,2004-04-20,Queens Sports Club,1,24.5,24.5,Zimbabwe,Sri Lanka,S Matsikenyeri,T Taibu,M Muralitharan,0,0,,,,,,,stumped,S Matsikenyeri,,,KC Sangakkara,,
64887,2004,2004-04-20,Queens Sports Club,1,24.6,24.6,Zimbabwe,Sri Lanka,A Maregwede,T Taibu,M Muralitharan,0,0,,,,,,,,,,,,,
64887,2004,2004-04-20,Queens Sports Club,1,25.1,25.1,Zimbabwe,Sri Lanka,T Taibu,A Maregwede,UDU Chandana,0,0,,,,,,,,,,,,,
64887,2004,2004-04-20,Queens Sports Club,1,25.2,25.2,Zimbabwe,Sri Lanka,T Taibu,A Maregwede,UDU Chandana,1,0,,,,,,,,,,,,,
64887,2004,2004-04-20,Queens Sports Club,1,25.3,25.3,Zimbabwe,Sri Lanka,A Maregwede,T Taibu,UDU Chandana,0,0,,,,,,,,,,,,,
64887,2004,2004-04-20,Queens Sports Club,1,25.4,25.4,Zimbabwe,Sri Lanka,A Maregwede,T Taibu,UDU Chandana,0,0,,,,,,,,,,,,,
64887,2004,2004-04-20,Queens Sports Club,1,25.5,25.5,Zimbabwe,Sri Lanka,A Maregwede,T Taibu,UDU Chandana,0,0,,,,,,,,,,,,,
64887,2004,2004-04-20,Queens Sports Club,1,25.6,25.6,Zimbabwe,Sri Lanka,A Maregwede,T Taibu,UDU Chandana,0,0,,,,,,,,,,,,,
64887,2004,2004-04-20,Queens Sports Club,1,26.1,26.1,Zimbabwe,Sri Lanka,T Taibu,A Maregwede,M Muralitharan,0,0,,,,,,,,,,,,,
64887,2004,2004-04-20,Queens Sports Club,1,26.2,26.2,Zimbabwe,Sri Lanka,T Taibu,A Maregwede,M Muralitharan,0,0,,,,,,,,,,,,,
64887,2004,2004-04-20,Queens Sports Club,1,26.3,26.3,Zimbabwe,Sri Lanka,T Taibu,A Maregwede,M Muralitharan,0,0,,,,,,,,,,,,,
64887,2004,2004-04-20,Queens Sports Club,1,26.4,26.4,Zimbabwe,Sri Lanka,T Taibu,A Maregwede,M Muralitharan,0,0,,,,,,,,,,,,,
64887,2004,2004-04-20,Queens Sports Club,1,26.5,26.5,Zimbabwe,Sri Lanka,T Taibu,A Maregwede,M Muralitharan,1,0,,,,,,,,,,,,,
64887,2004,2004-04-20,Queens Sports Club,1,26.6,26.6,Zimbabwe,Sri Lanka,A Maregwede,T Taibu,M Muralitharan,0,0,,,,,,,,,,,,,
64887,2004,2004-04-20,Queens Sports Club,1,27.1,27.1,Zimbabwe,Sri Lanka,T Taibu,A Maregwede,UDU Chandana,1,0,,,,,,,,,,,,,
64887,2004,2004-04-20,Queens Sports Club,1,27.2,27.2,Zimbabwe,Sri Lanka,A Maregwede,T Taibu,UDU Chandana,1,0,,,,,,,,,,,,,
64887,2004,2004-04-20,Queens Sports Club,1,27.3,27.3,Zimbabwe,Sri Lanka,T Taibu,A Maregwede,UDU Chandana,0,0,,,,,,,,,,,,,
64887,2004,2004-04-20,Queens Sports Club,1,27.4,27.4,Zimbabwe,Sri Lanka,T Taibu,A Maregwede,UDU Chandana,0,0,,,,,,,,,,,,,
64887,2004,2004-04-20,Queens Sports Club,1,27.5,27.5,Zimbabwe,Sri Lanka,T Taibu,A Maregwede,UDU Chandana,4,0,,,,,,,,,,,,,
64887,2004,2004-04-20,Queens Sports Club,1,27.6,27.6,Zimbabwe,Sri Lanka,T Taibu,A Maregwede,UDU Chandana,1,0,,,,,,,,,,,,,
64887,2004,2004-04-20,Queens Sports Club,1,28.1,28.1,Zimbabwe,Sri Lanka,T Taibu,A Maregwede,M Muralitharan,0,0,,,,,,,,,,,,,
64887,2004,2004-04-20,Queens Sports Club,1,28.2,28.2,Zimbabwe,Sri Lanka,T Taibu,A Maregwede,M Muralitharan,2,0,,,,,,,,,,,,,
64887,2004,2004-04-20,Queens Sports Club,1,28.3,28.3,Zimbabwe,Sri Lanka,T Taibu,A Maregwede,M Muralitharan,3,0,,,,,,,,,,,,,
64887,2004,2004-04-20,Queens Sports Club,1,28.4,28.4,Zimbabwe,Sri Lanka,A Maregwede,T Taibu,M Muralitharan,4,0,,,,,,,,,,,,,
64887,2004,2004-04-20,Queens Sports Club,1,28.5,28.5,Zimbabwe,Sri Lanka,A Maregwede,T Taibu,M Muralitharan,0,0,,,,,,,,,,,,,
64887,2004,2004-04-20,Queens Sports Club,1,28.6,28.6,Zimbabwe,Sri Lanka,A Maregwede,T Taibu,M Muralitharan,0,0,,,,,,,,,,,,,
64887,2004,2004-04-20,Queens Sports Club,1,29.1,29.1,Zimbabwe,Sri Lanka,T Taibu,A Maregwede,ST Jayasuriya,0,0,,,,,,,,,,,,,
64887,2004,2004-04-20,Queens Sports Club,1,29.2,29.2,Zimbabwe,Sri Lanka,T Taibu,A Maregwede,ST Jayasuriya,0,0,,,,,,,,,,,,,
64887,2004,2004-04-20,Queens Sports Club,1,29.3,29.3,Zimbabwe,Sri Lanka,T Taibu,A Maregwede,ST Jayasuriya,1,0,,,,,,,,,,,,,
64887,2004,2004-04-20,Queens Sports Club,1,29.4,29.4,Zimbabwe,Sri Lanka,A Maregwede,T Taibu,ST Jayasuriya,0,0,,,,,,,,,,,,,
64887,2004,2004-04-20,Queens Sports Club,1,29.5,29.5,Zimbabwe,Sri Lanka,A Maregwede,T Taibu,ST Jayasuriya,0,0,,,,,,,,,,,,,
64887,2004,2004-04-20,Queens Sports Club,1,29.6,29.6,Zimbabwe,Sri Lanka,A Maregwede,T Taibu,ST Jayasuriya,0,0,,,,,,,,,,,,,
64887,2004,2004-04-20,Queens Sports Club,1,30.1,30.1,Zimbabwe,Sri Lanka,T Taibu,A Maregwede,KMDN Kulasekara,0,0,,,,,,,,,,,,,
64887,2004,2004-04-20,Queens Sports Club,1,30.2,30.2,Zimbabwe,Sri Lanka,T Taibu,A Maregwede,KMDN Kulasekara,1,0,,,,,,,,,,,,,
64887,2004,2004-04-20,Queens Sports Club,1,30.3,30.3,Zimbabwe,Sri Lanka,A Maregwede,T Taibu,KMDN Kulasekara,0,0,,,,,,,,,,,,,
64887,2004,2004-04-20,Queens Sports Club,1,30.4,30.4,Zimbabwe,Sri Lanka,A Maregwede,T Taibu,KMDN Kulasekara,4,0,,,,,,,,,,,,,
64887,2004,2004-04-20,Queens Sports Club,1,30.5,30.5,Zimbabwe,Sri Lanka,A Maregwede,T Taibu,KMDN Kulasekara,0,0,,,,,,,,,,,,,
64887,2004,2004-04-20,Queens Sports Club,1,30.6,30.6,Zimbabwe,Sri Lanka,A Maregwede,T Taibu,KMDN Kulasekara,1,0,,,,,,,,,,,,,
64887,2004,2004-04-20,Queens Sports Club,1,31.1,31.1,Zimbabwe,Sri Lanka,A Maregwede,T Taibu,ST Jayasuriya,4,0,,,,,,,,,,,,,
64887,2004,2004-04-20,Queens Sports Club,1,31.2,31.2,Zimbabwe,Sri Lanka,A Maregwede,T Taibu,ST Jayasuriya,0,0,,,,,,,,,,,,,
64887,2004,2004-04-20,Queens Sports Club,1,31.3,31.3,Zimbabwe,Sri Lanka,A Maregwede,T Taibu,ST Jayasuriya,0,0,,,,,,,,,,,,,
64887,2004,2004-04-20,Queens Sports Club,1,31.4,31.4,Zimbabwe,Sri Lanka,A Maregwede,T Taibu,ST Jayasuriya,0,0,,,,,,,,,,,,,
64887,2004,2004-04-20,Queens Sports Club,1,31.5,31.5,Zimbabwe,Sri Lanka,A Maregwede,T Taibu,ST Jayasuriya,0,0,,,,,,,,,,,,,
64887,2004,2004-04-20,Queens Sports Club,1,31.6,31.6,Zimbabwe,Sri Lanka,A Maregwede,T Taibu,ST Jayasuriya,2,0,,,,,,,,,,,,,
64887,2004,2004-04-20,Queens Sports Club,1,32.1,32.1,Zimbabwe,Sri Lanka,T Taibu,A Maregwede,RP Arnold,0,0,,,,,,,,,,,,,
64887,2004,2004-04-20,Queens Sports Club,1,32.2,32.2,Zimbabwe,Sri Lanka,T Taibu,A Maregwede,RP Arnold,0,0,,,,,,,,,,,,,
64887,2004,2004-04-20,Queens Sports Club,1,32.3,32.3,Zimbabwe,Sri Lanka,T Taibu,A Maregwede,RP Arnold,0,0,,,,,,,,,,,,,
64887,2004,2004-04-20,Queens Sports Club,1,32.4,32.4,Zimbabwe,Sri Lanka,T Taibu,A Maregwede,RP Arnold,2,0,,,,,,,,,,,,,
64887,2004,2004-04-20,Queens Sports Club,1,32.5,32.5,Zimbabwe,Sri Lanka,T Taibu,A Maregwede,RP Arnold,1,0,,,,,,,,,,,,,
64887,2004,2004-04-20,Queens Sports Club,1,32.6,32.6,Zimbabwe,Sri Lanka,A Maregwede,T Taibu,RP Arnold,2,0,,,,,,,,,,,,,
64887,2004,2004-04-20,Queens Sports Club,1,33.1,33.1,Zimbabwe,Sri Lanka,T Taibu,A Maregwede,ST Jayasuriya,1,0,,,,,,,,,,,,,
64887,2004,2004-04-20,Queens Sports Club,1,33.2,33.2,Zimbabwe,Sri Lanka,A Maregwede,T Taibu,ST Jayasuriya,0,0,,,,,,,,,,,,,
64887,2004,2004-04-20,Queens Sports Club,1,33.3,33.3,Zimbabwe,Sri Lanka,A Maregwede,T Taibu,ST Jayasuriya,1,0,,,,,,,,,,,,,
64887,2004,2004-04-20,Queens Sports Club,1,33.4,33.4,Zimbabwe,Sri Lanka,T Taibu,A Maregwede,ST Jayasuriya,1,0,,,,,,,,,,,,,
64887,2004,2004-04-20,Queens Sports Club,1,33.5,33.5,Zimbabwe,Sri Lanka,A Maregwede,T Taibu,ST Jayasuriya,0,0,,,,,,,,,,,,,
64887,2004,2004-04-20,Queens Sports Club,1,33.6,33.6,Zimbabwe,Sri Lanka,A Maregwede,T Taibu,ST Jayasuriya,0,0,,,,,,,,,,,,,
64887,2004,2004-04-20,Queens Sports Club,1,34.1,34.1,Zimbabwe,Sri Lanka,T Taibu,A Maregwede,RP Arnold,0,0,,,,,,,,,,,,,
64887,2004,2004-04-20,Queens Sports Club,1,34.2,34.2,Zimbabwe,Sri Lanka,T Taibu,A Maregwede,RP Arnold,0,0,,,,,,,,,,,,,
64887,2004,2004-04-20,Queens Sports Club,1,34.3,34.3,Zimbabwe,Sri Lanka,T Taibu,A Maregwede,RP Arnold,0,0,,,,,,,,,,,,,
64887,2004,2004-04-20,Queens Sports Club,1,34.4,34.4,Zimbabwe,Sri Lanka,T Taibu,A Maregwede,RP Arnold,0,0,,,,,,,,,,,,,
64887,2004,2004-04-20,Queens Sports Club,1,34.5,34.5,Zimbabwe,Sri Lanka,T Taibu,A Maregwede,RP Arnold,0,0,,,,,,,,,,,,,
64887,2004,2004-04-20,Queens Sports Club,1,34.6,34.6,Zimbabwe,Sri Lanka,T Taibu,A Maregwede,RP Arnold,0,0,,,,,,,,,,,,,
64887,2004,2004-04-20,Queens Sports Club,1,35.1,35.1,Zimbabwe,Sri Lanka,A Maregwede,T Taibu,ST Jayasuriya,1,0,,,,,,,,,,,,,
64887,2004,2004-04-20,Queens Sports Club,1,35.2,35.2,Zimbabwe,Sri Lanka,T Taibu,A Maregwede,ST Jayasuriya,1,0,,,,,,,,,,,,,
64887,2004,2004-04-20,Queens Sports Club,1,35.3,35.3,Zimbabwe,Sri Lanka,A Maregwede,T Taibu,ST Jayasuriya,1,0,,,,,,,,,,,,,
64887,2004,2004-04-20,Queens Sports Club,1,35.4,35.4,Zimbabwe,Sri Lanka,T Taibu,A Maregwede,ST Jayasuriya,0,0,,,,,,,,,,,,,
64887,2004,2004-04-20,Queens Sports Club,1,35.5,35.5,Zimbabwe,Sri Lanka,T Taibu,A Maregwede,ST Jayasuriya,1,0,,,,,,,,,,,,,
64887,2004,2004-04-20,Queens Sports Club,1,35.6,35.6,Zimbabwe,Sri Lanka,A Maregwede,T Taibu,ST Jayasuriya,0,0,,,,,,,,,,,,,
64887,2004,2004-04-20,Queens Sports Club,1,36.1,36.1,Zimbabwe,Sri Lanka,T Taibu,A Maregwede,M Muralitharan,0,0,,,,,,,,,,,,,
64887,2004,2004-04-20,Queens Sports Club,1,36.2,36.2,Zimbabwe,Sri Lanka,T Taibu,A Maregwede,M Muralitharan,0,0,,,,,,,,,,,,,
64887,2004,2004-04-20,Queens Sports Club,1,36.3,36.3,Zimbabwe,Sri Lanka,T Taibu,A Maregwede,M Muralitharan,0,0,,,,,,,,,,,,,
64887,2004,2004-04-20,Queens Sports Club,1,36.4,36.4,Zimbabwe,Sri Lanka,T Taibu,A Maregwede,M Muralitharan,0,0,,,,,,,,,,,,,
64887,2004,2004-04-20,Queens Sports Club,1,36.5,36.5,Zimbabwe,Sri Lanka,T Taibu,A Maregwede,M Muralitharan,1,0,,,,,,,,,,,,,
64887,2004,2004-04-20,Queens Sports Club,1,36.6,36.6,Zimbabwe,Sri Lanka,A Maregwede,T Taibu,M Muralitharan,6,0,,,,,,,,,,,,,
64887,2004,2004-04-20,Queens Sports Club,1,37.1,37.1,Zimbabwe,Sri Lanka,T Taibu,A Maregwede,ST Jayasuriya,4,0,,,,,,,,,,,,,
64887,2004,2004-04-20,Queens Sports Club,1,37.2,37.2,Zimbabwe,Sri Lanka,T Taibu,A Maregwede,ST Jayasuriya,1,0,,,,,,,,,,,,,
64887,2004,2004-04-20,Queens Sports Club,1,37.3,37.3,Zimbabwe,Sri Lanka,A Maregwede,T Taibu,ST Jayasuriya,1,0,,,,,,,,,,,,,
64887,2004,2004-04-20,Queens Sports Club,1,37.4,37.4,Zimbabwe,Sri Lanka,T Taibu,A Maregwede,ST Jayasuriya,1,0,,,,,,,,,,,,,
64887,2004,2004-04-20,Queens Sports Club,1,37.5,37.5,Zimbabwe,Sri Lanka,A Maregwede,T Taibu,ST Jayasuriya,1,0,,,,,,,,,,,,,
64887,2004,2004-04-20,Queens Sports Club,1,37.6,37.6,Zimbabwe,Sri Lanka,T Taibu,A Maregwede,ST Jayasuriya,1,0,,,,,,,,,,,,,
64887,2004,2004-04-20,Queens Sports Club,1,38.1,38.1,Zimbabwe,Sri Lanka,T Taibu,A Maregwede,M Muralitharan,0,0,,,,,,,,,,,,,
64887,2004,2004-04-20,Queens Sports Club,1,38.2,38.2,Zimbabwe,Sri Lanka,T Taibu,A Maregwede,M Muralitharan,1,0,,,,,,,,,,,,,
64887,2004,2004-04-20,Queens Sports Club,1,38.3,38.3,Zimbabwe,Sri Lanka,A Maregwede,T Taibu,M Muralitharan,0,0,,,,,,,,,,,,,
64887,2004,2004-04-20,Queens Sports Club,1,38.4,38.4,Zimbabwe,Sri Lanka,A Maregwede,T Taibu,M Muralitharan,0,0,,,,,,,,,,,,,
64887,2004,2004-04-20,Queens Sports Club,1,38.5,38.5,Zimbabwe,Sri Lanka,A Maregwede,T Taibu,M Muralitharan,1,0,,,,,,,,,,,,,
64887,2004,2004-04-20,Queens Sports Club,1,38.6,38.6,Zimbabwe,Sri Lanka,T Taibu,A Maregwede,M Muralitharan,0,0,,,,,,,,,,,,,
64887,2004,2004-04-20,Queens Sports Club,1,39.1,39.1,Zimbabwe,Sri Lanka,A Maregwede,T Taibu,UDU Chandana,1,0,,,,,,,,,,,,,
64887,2004,2004-04-20,Queens Sports Club,1,39.2,39.2,Zimbabwe,Sri Lanka,T Taibu,A Maregwede,UDU Chandana,0,0,,,,,,,,,,,,,
64887,2004,2004-04-20,Queens Sports Club,1,39.3,39.3,Zimbabwe,Sri Lanka,T Taibu,A Maregwede,UDU Chandana,2,0,,,,,,,,,,,,,
64887,2004,2004-04-20,Queens Sports Club,1,39.4,39.4,Zimbabwe,Sri Lanka,T Taibu,A Maregwede,UDU Chandana,0,0,,,,,,,,,,,,,
64887,2004,2004-04-20,Queens Sports Club,1,39.5,39.5,Zimbabwe,Sri Lanka,T Taibu,A Maregwede,UDU Chandana,0,0,,,,,,,,,,,,,
64887,2004,2004-04-20,Queens Sports Club,1,39.6,39.6,Zimbabwe,Sri Lanka,T Taibu,A Maregwede,UDU Chandana,1,0,,,,,,,,,,,,,
64887,2004,2004-04-20,Queens Sports Club,1,40.1,40.1,Zimbabwe,Sri Lanka,T Taibu,A Maregwede,ST Jayasuriya,2,0,,,,,,,,,,,,,
64887,2004,2004-04-20,Queens Sports Club,1,40.2,40.2,Zimbabwe,Sri Lanka,T Taibu,A Maregwede,ST Jayasuriya,0,0,,,,,,,,,,,,,
64887,2004,2004-04-20,Queens Sports Club,1,40.3,40.3,Zimbabwe,Sri Lanka,T Taibu,A Maregwede,ST Jayasuriya,0,0,,,,,,,,,,,,,
64887,2004,2004-04-20,Queens Sports Club,1,40.4,40.4,Zimbabwe,Sri Lanka,T Taibu,A Maregwede,ST Jayasuriya,0,0,,,,,,,,,,,,,
64887,2004,2004-04-20,Queens Sports Club,1,40.5,40.5,Zimbabwe,Sri Lanka,T Taibu,A Maregwede,ST Jayasuriya,0,0,,,,,,,,,,,,,
64887,2004,2004-04-20,Queens Sports Club,1,40.6,40.6,Zimbabwe,Sri Lanka,T Taibu,A Maregwede,ST Jayasuriya,2,0,,,,,,,,,,,,,
64887,2004,2004-04-20,Queens Sports Club,1,41.1,41.1,Zimbabwe,Sri Lanka,A Maregwede,T Taibu,UDU Chandana,0,0,,,,,,,,,,,,,
64887,2004,2004-04-20,Queens Sports Club,1,41.2,41.2,Zimbabwe,Sri Lanka,A Maregwede,T Taibu,UDU Chandana,4,0,,,,,,,,,,,,,
64887,2004,2004-04-20,Queens Sports Club,1,41.3,41.3,Zimbabwe,Sri Lanka,A Maregwede,T Taibu,UDU Chandana,0,0,,,,,,,,,,,,,
64887,2004,2004-04-20,Queens Sports Club,1,41.4,41.4,Zimbabwe,Sri Lanka,A Maregwede,T Taibu,UDU Chandana,0,0,,,,,,,,,,,,,
64887,2004,2004-04-20,Queens Sports Club,1,41.5,41.5,Zimbabwe,Sri Lanka,A Maregwede,T Taibu,UDU Chandana,2,0,,,,,,,,,,,,,
64887,2004,2004-04-20,Queens Sports Club,1,41.6,41.6,Zimbabwe,Sri Lanka,A Maregwede,T Taibu,UDU Chandana,0,0,,,,,,,caught,A Maregwede,,,TM Dilshan,,
64887,2004,2004-04-20,Queens Sports Club,1,42.1,42.1,Zimbabwe,Sri Lanka,T Taibu,ML Nkala,ST Jayasuriya,0,0,,,,,,,,,,,,,
64887,2004,2004-04-20,Queens Sports Club,1,42.2,42.2,Zimbabwe,Sri Lanka,T Taibu,ML Nkala,ST Jayasuriya,0,0,,,,,,,,,,,,,
64887,2004,2004-04-20,Queens Sports Club,1,42.3,42.3,Zimbabwe,Sri Lanka,T Taibu,ML Nkala,ST Jayasuriya,0,0,,,,,,,,,,,,,
64887,2004,2004-04-20,Queens Sports Club,1,42.4,42.4,Zimbabwe,Sri Lanka,T Taibu,ML Nkala,ST Jayasuriya,0,0,,,,,,,,,,,,,
64887,2004,2004-04-20,Queens Sports Club,1,42.5,42.5,Zimbabwe,Sri Lanka,T Taibu,ML Nkala,ST Jayasuriya,0,0,,,,,,,,,,,,,
64887,2004,2004-04-20,Queens Sports Club,1,42.6,42.6,Zimbabwe,Sri Lanka,T Taibu,ML Nkala,ST Jayasuriya,0,1,1,,,,,,,,,,,,
64887,2004,2004-04-20,Queens Sports Club,1,42.7,42.6,Zimbabwe,Sri Lanka,T Taibu,ML Nkala,ST Jayasuriya,1,0,,,,,,,,,,,,,
64887,2004,2004-04-20,Queens Sports Club,1,43.1,43.1,Zimbabwe,Sri Lanka,T Taibu,ML Nkala,UDU Chandana,1,0,,,,,,,,,,,,,
64887,2004,2004-04-20,Queens Sports Club,1,43.2,43.2,Zimbabwe,Sri Lanka,ML Nkala,T Taibu,UDU Chandana,1,0,,,,,,,,,,,,,
64887,2004,2004-04-20,Queens Sports Club,1,43.3,43.3,Zimbabwe,Sri Lanka,T Taibu,ML Nkala,UDU Chandana,1,0,,,,,,,,,,,,,
64887,2004,2004-04-20,Queens Sports Club,1,43.4,43.4,Zimbabwe,Sri Lanka,ML Nkala,T Taibu,UDU Chandana,0,0,,,,,,,,,,,,,
64887,2004,2004-04-20,Queens Sports Club,1,43.5,43.5,Zimbabwe,Sri Lanka,ML Nkala,T Taibu,UDU Chandana,0,0,,,,,,,,,,,,,
64887,2004,2004-04-20,Queens Sports Club,1,43.6,43.6,Zimbabwe,Sri Lanka,ML Nkala,T Taibu,UDU Chandana,0,0,,,,,,,,,,,,,
64887,2004,2004-04-20,Queens Sports Club,1,44.1,44.1,Zimbabwe,Sri Lanka,T Taibu,ML Nkala,WPUJC Vaas,0,0,,,,,,,,,,,,,
64887,2004,2004-04-20,Queens Sports Club,1,44.2,44.2,Zimbabwe,Sri Lanka,T Taibu,ML Nkala,WPUJC Vaas,0,0,,,,,,,,,,,,,
64887,2004,2004-04-20,Queens Sports Club,1,44.3,44.3,Zimbabwe,Sri Lanka,T Taibu,ML Nkala,WPUJC Vaas,1,0,,,,,,,,,,,,,
64887,2004,2004-04-20,Queens Sports Club,1,44.4,44.4,Zimbabwe,Sri Lanka,ML Nkala,T Taibu,WPUJC Vaas,0,0,,,,,,,,,,,,,
64887,2004,2004-04-20,Queens Sports Club,1,44.5,44.5,Zimbabwe,Sri Lanka,ML Nkala,T Taibu,WPUJC Vaas,0,0,,,,,,,,,,,,,
64887,2004,2004-04-20,Queens Sports Club,1,44.6,44.6,Zimbabwe,Sri Lanka,ML Nkala,T Taibu,WPUJC Vaas,1,0,,,,,,,,,,,,,
64887,2004,2004-04-20,Queens Sports Club,1,45.1,45.1,Zimbabwe,Sri Lanka,ML Nkala,T Taibu,UDU Chandana,1,0,,,,,,,,,,,,,
64887,2004,2004-04-20,Queens Sports Club,1,45.2,45.2,Zimbabwe,Sri Lanka,T Taibu,ML Nkala,UDU Chandana,2,0,,,,,,,,,,,,,
64887,2004,2004-04-20,Queens Sports Club,1,45.3,45.3,Zimbabwe,Sri Lanka,T Taibu,ML Nkala,UDU Chandana,0,0,,,,,,,,,,,,,
64887,2004,2004-04-20,Queens Sports Club,1,45.4,45.4,Zimbabwe,Sri Lanka,T Taibu,ML Nkala,UDU Chandana,1,0,,,,,,,,,,,,,
64887,2004,2004-04-20,Queens Sports Club,1,45.5,45.5,Zimbabwe,Sri Lanka,ML Nkala,T Taibu,UDU Chandana,1,0,,,,,,,,,,,,,
64887,2004,2004-04-20,Queens Sports Club,1,45.6,45.6,Zimbabwe,Sri Lanka,T Taibu,ML Nkala,UDU Chandana,1,0,,,,,,,,,,,,,
64887,2004,2004-04-20,Queens Sports Club,1,46.1,46.1,Zimbabwe,Sri Lanka,T Taibu,ML Nkala,WPUJC Vaas,4,0,,,,,,,,,,,,,
64887,2004,2004-04-20,Queens Sports Club,1,46.2,46.2,Zimbabwe,Sri Lanka,T Taibu,ML Nkala,WPUJC Vaas,2,0,,,,,,,,,,,,,
64887,2004,2004-04-20,Queens Sports Club,1,46.3,46.3,Zimbabwe,Sri Lanka,T Taibu,ML Nkala,WPUJC Vaas,1,0,,,,,,,,,,,,,
64887,2004,2004-04-20,Queens Sports Club,1,46.4,46.4,Zimbabwe,Sri Lanka,ML Nkala,T Taibu,WPUJC Vaas,2,0,,,,,,,,,,,,,
64887,2004,2004-04-20,Queens Sports Club,1,46.5,46.5,Zimbabwe,Sri Lanka,ML Nkala,T Taibu,WPUJC Vaas,1,0,,,,,,,,,,,,,
64887,2004,2004-04-20,Queens Sports Club,1,46.6,46.6,Zimbabwe,Sri Lanka,T Taibu,ML Nkala,WPUJC Vaas,0,0,,,,,,,,,,,,,
64887,2004,2004-04-20,Queens Sports Club,1,47.1,47.1,Zimbabwe,Sri Lanka,ML Nkala,T Taibu,M Muralitharan,0,0,,,,,,,,,,,,,
64887,2004,2004-04-20,Queens Sports Club,1,47.2,47.2,Zimbabwe,Sri Lanka,ML Nkala,T Taibu,M Muralitharan,2,0,,,,,,,,,,,,,
64887,2004,2004-04-20,Queens Sports Club,1,47.3,47.3,Zimbabwe,Sri Lanka,ML Nkala,T Taibu,M Muralitharan,1,0,,,,,,,,,,,,,
64887,2004,2004-04-20,Queens Sports Club,1,47.4,47.4,Zimbabwe,Sri Lanka,T Taibu,ML Nkala,M Muralitharan,1,0,,,,,,,,,,,,,
64887,2004,2004-04-20,Queens Sports Club,1,47.5,47.5,Zimbabwe,Sri Lanka,ML Nkala,T Taibu,M Muralitharan,1,0,,,,,,,,,,,,,
64887,2004,2004-04-20,Queens Sports Club,1,47.6,47.6,Zimbabwe,Sri Lanka,T Taibu,ML Nkala,M Muralitharan,0,0,,,,,,,,,,,,,
64887,2004,2004-04-20,Queens Sports Club,1,48.1,48.1,Zimbabwe,Sri Lanka,ML Nkala,T Taibu,WPUJC Vaas,4,0,,,,,,,,,,,,,
64887,2004,2004-04-20,Queens Sports Club,1,48.2,48.2,Zimbabwe,Sri Lanka,ML Nkala,T Taibu,WPUJC Vaas,1,0,,,,,,,,,,,,,
64887,2004,2004-04-20,Queens Sports Club,1,48.3,48.3,Zimbabwe,Sri Lanka,T Taibu,ML Nkala,WPUJC Vaas,2,0,,,,,,,,,,,,,
64887,2004,2004-04-20,Queens Sports Club,1,48.4,48.4,Zimbabwe,Sri Lanka,T Taibu,ML Nkala,WPUJC Vaas,2,0,,,,,,,,,,,,,
64887,2004,2004-04-20,Queens Sports Club,1,48.5,48.5,Zimbabwe,Sri Lanka,T Taibu,ML Nkala,WPUJC Vaas,1,0,,,,,,,,,,,,,
64887,2004,2004-04-20,Queens Sports Club,1,48.6,48.6,Zimbabwe,Sri Lanka,ML Nkala,T Taibu,WPUJC Vaas,1,0,,,,,,,,,,,,,
64887,2004,2004-04-20,Queens Sports Club,1,49.1,49.1,Zimbabwe,Sri Lanka,ML Nkala,T Taibu,M Muralitharan,6,0,,,,,,,,,,,,,
64887,2004,2004-04-20,Queens Sports Club,1,49.2,49.2,Zimbabwe,Sri Lanka,ML Nkala,T Taibu,M Muralitharan,1,0,,,,,,,,,,,,,
64887,2004,2004-04-20,Queens Sports Club,1,49.3,49.3,Zimbabwe,Sri Lanka,T Taibu,ML Nkala,M Muralitharan,1,0,,,,,,,,,,,,,
64887,2004,2004-04-20,Queens Sports Club,1,49.4,49.4,Zimbabwe,Sri Lanka,ML Nkala,T Taibu,M Muralitharan,6,0,,,,,,,,,,,,,
64887,2004,2004-04-20,Queens Sports Club,1,49.5,49.5,Zimbabwe,Sri Lanka,ML Nkala,T Taibu,M Muralitharan,3,0,,,,,,,,,,,,,
64887,2004,2004-04-20,Queens Sports Club,1,49.6,49.6,Zimbabwe,Sri Lanka,T Taibu,ML Nkala,M Muralitharan,1,0,,,,,,,,,,,,,
64887,2004,2004-04-20,Queens Sports Club,2,0.1,0.1,Sri Lanka,Zimbabwe,ST Jayasuriya,MS Atapattu,DT Hondo,4,0,,,,,,,,,,,,,
64887,2004,2004-04-20,Queens Sports Club,2,0.2,0.2,Sri Lanka,Zimbabwe,ST Jayasuriya,MS Atapattu,DT Hondo,0,0,,,,,,,,,,,,,
64887,2004,2004-04-20,Queens Sports Club,2,0.3,0.3,Sri Lanka,Zimbabwe,ST Jayasuriya,MS Atapattu,DT Hondo,3,0,,,,,,,,,,,,,
64887,2004,2004-04-20,Queens Sports Club,2,0.4,0.4,Sri Lanka,Zimbabwe,MS Atapattu,ST Jayasuriya,DT Hondo,0,0,,,,,,,,,,,,,
64887,2004,2004-04-20,Queens Sports Club,2,0.5,0.5,Sri Lanka,Zimbabwe,MS Atapattu,ST Jayasuriya,DT Hondo,0,0,,,,,,,,,,,,,
64887,2004,2004-04-20,Queens Sports Club,2,0.6,0.6,Sri Lanka,Zimbabwe,MS Atapattu,ST Jayasuriya,DT Hondo,0,0,,,,,,,,,,,,,
64887,2004,2004-04-20,Queens Sports Club,2,1.1,1.1,Sri Lanka,Zimbabwe,ST Jayasuriya,MS Atapattu,T Panyangara,2,0,,,,,,,,,,,,,
64887,2004,2004-04-20,Queens Sports Club,2,1.2,1.2,Sri Lanka,Zimbabwe,ST Jayasuriya,MS Atapattu,T Panyangara,0,0,,,,,,,caught,ST Jayasuriya,,,DD Ebrahim,,
64887,2004,2004-04-20,Queens Sports Club,2,1.3,1.3,Sri Lanka,Zimbabwe,KC Sangakkara,MS Atapattu,T Panyangara,0,0,,,,,,,,,,,,,
64887,2004,2004-04-20,Queens Sports Club,2,1.4,1.4,Sri Lanka,Zimbabwe,KC Sangakkara,MS Atapattu,T Panyangara,0,0,,,,,,,,,,,,,
64887,2004,2004-04-20,Queens Sports Club,2,1.5,1.5,Sri Lanka,Zimbabwe,KC Sangakkara,MS Atapattu,T Panyangara,0,0,,,,,,,,,,,,,
64887,2004,2004-04-20,Queens Sports Club,2,1.6,1.6,Sri Lanka,Zimbabwe,KC Sangakkara,MS Atapattu,T Panyangara,0,0,,,,,,,,,,,,,
64887,2004,2004-04-20,Queens Sports Club,2,2.1,2.1,Sri Lanka,Zimbabwe,MS Atapattu,KC Sangakkara,DT Hondo,0,0,,,,,,,,,,,,,
64887,2004,2004-04-20,Queens Sports Club,2,2.2,2.2,Sri Lanka,Zimbabwe,MS Atapattu,KC Sangakkara,DT Hondo,0,0,,,,,,,,,,,,,
64887,2004,2004-04-20,Queens Sports Club,2,2.3,2.3,Sri Lanka,Zimbabwe,MS Atapattu,KC Sangakkara,DT Hondo,0,0,,,,,,,lbw,MS Atapattu,,,,,
64887,2004,2004-04-20,Queens Sports Club,2,2.4,2.4,Sri Lanka,Zimbabwe,DPMD Jayawardene,KC Sangakkara,DT Hondo,0,0,,,,,,,,,,,,,
64887,2004,2004-04-20,Queens Sports Club,2,2.5,2.5,Sri Lanka,Zimbabwe,DPMD Jayawardene,KC Sangakkara,DT Hondo,0,0,,,,,,,,,,,,,
64887,2004,2004-04-20,Queens Sports Club,2,2.6,2.6,Sri Lanka,Zimbabwe,DPMD Jayawardene,KC Sangakkara,DT Hondo,0,0,,,,,,,,,,,,,
64887,2004,2004-04-20,Queens Sports Club,2,3.1,3.1,Sri Lanka,Zimbabwe,KC Sangakkara,DPMD Jayawardene,T Panyangara,4,0,,,,,,,,,,,,,
64887,2004,2004-04-20,Queens Sports Club,2,3.2,3.2,Sri Lanka,Zimbabwe,KC Sangakkara,DPMD Jayawardene,T Panyangara,0,0,,,,,,,,,,,,,
64887,2004,2004-04-20,Queens Sports Club,2,3.3,3.3,Sri Lanka,Zimbabwe,KC Sangakkara,DPMD Jayawardene,T Panyangara,4,0,,,,,,,,,,,,,
64887,2004,2004-04-20,Queens Sports Club,2,3.4,3.4,Sri Lanka,Zimbabwe,KC Sangakkara,DPMD Jayawardene,T Panyangara,1,0,,,,,,,,,,,,,
64887,2004,2004-04-20,Queens Sports Club,2,3.5,3.5,Sri Lanka,Zimbabwe,DPMD Jayawardene,KC Sangakkara,T Panyangara,0,0,,,,,,,,,,,,,
64887,2004,2004-04-20,Queens Sports Club,2,3.6,3.6,Sri Lanka,Zimbabwe,DPMD Jayawardene,KC Sangakkara,T Panyangara,0,0,,,,,,,,,,,,,
64887,2004,2004-04-20,Queens Sports Club,2,4.1,4.1,Sri Lanka,Zimbabwe,KC Sangakkara,DPMD Jayawardene,DT Hondo,0,0,,,,,,,,,,,,,
64887,2004,2004-04-20,Queens Sports Club,2,4.2,4.2,Sri Lanka,Zimbabwe,KC Sangakkara,DPMD Jayawardene,DT Hondo,0,1,1,,,,,,,,,,,,
64887,2004,2004-04-20,Queens Sports Club,2,4.3,4.2,Sri Lanka,Zimbabwe,KC Sangakkara,DPMD Jayawardene,DT Hondo,0,1,1,,,,,,,,,,,,
64887,2004,2004-04-20,Queens Sports Club,2,4.4,4.2,Sri Lanka,Zimbabwe,KC Sangakkara,DPMD Jayawardene,DT Hondo,4,0,,,,,,,,,,,,,
64887,2004,2004-04-20,Queens Sports Club,2,4.5,4.3,Sri Lanka,Zimbabwe,KC Sangakkara,DPMD Jayawardene,DT Hondo,0,0,,,,,,,,,,,,,
64887,2004,2004-04-20,Queens Sports Club,2,4.6,4.4,Sri Lanka,Zimbabwe,KC Sangakkara,DPMD Jayawardene,DT Hondo,0,1,1,,,,,,,,,,,,
64887,2004,2004-04-20,Queens Sports Club,2,4.7,4.4,Sri Lanka,Zimbabwe,KC Sangakkara,DPMD Jayawardene,DT Hondo,0,0,,,,,,,,,,,,,
64887,2004,2004-04-20,Queens Sports Club,2,4.8,4.5,Sri Lanka,Zimbabwe,KC Sangakkara,DPMD Jayawardene,DT Hondo,0,0,,,,,,,,,,,,,
64887,2004,2004-04-20,Queens Sports Club,2,4.9,4.6,Sri Lanka,Zimbabwe,KC Sangakkara,DPMD Jayawardene,DT Hondo,4,0,,,,,,,,,,,,,
64887,2004,2004-04-20,Queens Sports Club,2,5.1,5.1,Sri Lanka,Zimbabwe,DPMD Jayawardene,KC Sangakkara,T Panyangara,0,0,,,,,,,,,,,,,
64887,2004,2004-04-20,Queens Sports Club,2,5.2,5.2,Sri Lanka,Zimbabwe,DPMD Jayawardene,KC Sangakkara,T Panyangara,0,0,,,,,,,,,,,,,
64887,2004,2004-04-20,Queens Sports Club,2,5.3,5.3,Sri Lanka,Zimbabwe,DPMD Jayawardene,KC Sangakkara,T Panyangara,0,0,,,,,,,,,,,,,
64887,2004,2004-04-20,Queens Sports Club,2,5.4,5.4,Sri Lanka,Zimbabwe,DPMD Jayawardene,KC Sangakkara,T Panyangara,0,0,,,,,,,,,,,,,
64887,2004,2004-04-20,Queens Sports Club,2,5.5,5.5,Sri Lanka,Zimbabwe,DPMD Jayawardene,KC Sangakkara,T Panyangara,0,0,,,,,,,,,,,,,
64887,2004,2004-04-20,Queens Sports Club,2,5.6,5.6,Sri Lanka,Zimbabwe,DPMD Jayawardene,KC Sangakkara,T Panyangara,0,0,,,,,,,,,,,,,
64887,2004,2004-04-20,Queens Sports Club,2,6.1,6.1,Sri Lanka,Zimbabwe,KC Sangakkara,DPMD Jayawardene,DT Hondo,1,0,,,,,,,,,,,,,
64887,2004,2004-04-20,Queens Sports Club,2,6.2,6.2,Sri Lanka,Zimbabwe,DPMD Jayawardene,KC Sangakkara,DT Hondo,0,0,,,,,,,,,,,,,
64887,2004,2004-04-20,Queens Sports Club,2,6.3,6.3,Sri Lanka,Zimbabwe,DPMD Jayawardene,KC Sangakkara,DT Hondo,0,1,,,,1,,,,,,,,,
64887,2004,2004-04-20,Queens Sports Club,2,6.4,6.4,Sri Lanka,Zimbabwe,KC Sangakkara,DPMD Jayawardene,DT Hondo,0,0,,,,,,,,,,,,,
64887,2004,2004-04-20,Queens Sports Club,2,6.5,6.5,Sri Lanka,Zimbabwe,KC Sangakkara,DPMD Jayawardene,DT Hondo,0,0,,,,,,,,,,,,,
64887,2004,2004-04-20,Queens Sports Club,2,6.6,6.6,Sri Lanka,Zimbabwe,KC Sangakkara,DPMD Jayawardene,DT Hondo,0,0,,,,,,,,,,,,,
64887,2004,2004-04-20,Queens Sports Club,2,7.1,7.1,Sri Lanka,Zimbabwe,DPMD Jayawardene,KC Sangakkara,T Panyangara,1,0,,,,,,,,,,,,,
64887,2004,2004-04-20,Queens Sports Club,2,7.2,7.2,Sri Lanka,Zimbabwe,KC Sangakkara,DPMD Jayawardene,T Panyangara,0,0,,,,,,,,,,,,,
64887,2004,2004-04-20,Queens Sports Club,2,7.3,7.3,Sri Lanka,Zimbabwe,KC Sangakkara,DPMD Jayawardene,T Panyangara,3,0,,,,,,,,,,,,,
64887,2004,2004-04-20,Queens Sports Club,2,7.4,7.4,Sri Lanka,Zimbabwe,DPMD Jayawardene,KC Sangakkara,T Panyangara,0,0,,,,,,,,,,,,,
64887,2004,2004-04-20,Queens Sports Club,2,7.5,7.5,Sri Lanka,Zimbabwe,DPMD Jayawardene,KC Sangakkara,T Panyangara,0,0,,,,,,,,,,,,,
64887,2004,2004-04-20,Queens Sports Club,2,7.6,7.6,Sri Lanka,Zimbabwe,DPMD Jayawardene,KC Sangakkara,T Panyangara,4,0,,,,,,,,,,,,,
64887,2004,2004-04-20,Queens Sports Club,2,8.1,8.1,Sri Lanka,Zimbabwe,KC Sangakkara,DPMD Jayawardene,DT Hondo,4,0,,,,,,,,,,,,,
64887,2004,2004-04-20,Queens Sports Club,2,8.2,8.2,Sri Lanka,Zimbabwe,KC Sangakkara,DPMD Jayawardene,DT Hondo,1,0,,,,,,,,,,,,,
64887,2004,2004-04-20,Queens Sports Club,2,8.3,8.3,Sri Lanka,Zimbabwe,DPMD Jayawardene,KC Sangakkara,DT Hondo,0,0,,,,,,,,,,,,,
64887,2004,2004-04-20,Queens Sports Club,2,8.4,8.4,Sri Lanka,Zimbabwe,DPMD Jayawardene,KC Sangakkara,DT Hondo,0,0,,,,,,,,,,,,,
64887,2004,2004-04-20,Queens Sports Club,2,8.5,8.5,Sri Lanka,Zimbabwe,DPMD Jayawardene,KC Sangakkara,DT Hondo,0,0,,,,,,,,,,,,,
64887,2004,2004-04-20,Queens Sports Club,2,8.6,8.6,Sri Lanka,Zimbabwe,DPMD Jayawardene,KC Sangakkara,DT Hondo,0,0,,,,,,,caught,DPMD Jayawardene,,,T Panyangara,,
64887,2004,2004-04-20,Queens Sports Club,2,9.1,9.1,Sri Lanka,Zimbabwe,DNT Zoysa,KC Sangakkara,T Panyangara,0,0,,,,,,,,,,,,,
64887,2004,2004-04-20,Queens Sports Club,2,9.2,9.2,Sri Lanka,Zimbabwe,DNT Zoysa,KC Sangakkara,T Panyangara,0,0,,,,,,,,,,,,,
64887,2004,2004-04-20,Queens Sports Club,2,9.3,9.3,Sri Lanka,Zimbabwe,DNT Zoysa,KC Sangakkara,T Panyangara,0,0,,,,,,,,,,,,,
64887,2004,2004-04-20,Queens Sports Club,2,9.4,9.4,Sri Lanka,Zimbabwe,DNT Zoysa,KC Sangakkara,T Panyangara,1,0,,,,,,,,,,,,,
64887,2004,2004-04-20,Queens Sports Club,2,9.5,9.5,Sri Lanka,Zimbabwe,KC Sangakkara,DNT Zoysa,T Panyangara,0,0,,,,,,,,,,,,,
64887,2004,2004-04-20,Queens Sports Club,2,9.6,9.6,Sri Lanka,Zimbabwe,KC Sangakkara,DNT Zoysa,T Panyangara,2,0,,,,,,,,,,,,,
64887,2004,2004-04-20,Queens Sports Club,2,10.1,10.1,Sri Lanka,Zimbabwe,DNT Zoysa,KC Sangakkara,E Chigumbura,1,0,,,,,,,,,,,,,
64887,2004,2004-04-20,Queens Sports Club,2,10.2,10.2,Sri Lanka,Zimbabwe,KC Sangakkara,DNT Zoysa,E Chigumbura,2,0,,,,,,,,,,,,,
64887,2004,2004-04-20,Queens Sports Club,2,10.3,10.3,Sri Lanka,Zimbabwe,KC Sangakkara,DNT Zoysa,E Chigumbura,4,0,,,,,,,,,,,,,
64887,2004,2004-04-20,Queens Sports Club,2,10.4,10.4,Sri Lanka,Zimbabwe,KC Sangakkara,DNT Zoysa,E Chigumbura,2,0,,,,,,,,,,,,,
64887,2004,2004-04-20,Queens Sports Club,2,10.5,10.5,Sri Lanka,Zimbabwe,KC Sangakkara,DNT Zoysa,E Chigumbura,0,0,,,,,,,,,,,,,
64887,2004,2004-04-20,Queens Sports Club,2,10.6,10.6,Sri Lanka,Zimbabwe,KC Sangakkara,DNT Zoysa,E Chigumbura,1,0,,,,,,,,,,,,,
64887,2004,2004-04-20,Queens Sports Club,2,11.1,11.1,Sri Lanka,Zimbabwe,KC Sangakkara,DNT Zoysa,ML Nkala,1,0,,,,,,,,,,,,,
64887,2004,2004-04-20,Queens Sports Club,2,11.2,11.2,Sri Lanka,Zimbabwe,DNT Zoysa,KC Sangakkara,ML Nkala,1,0,,,,,,,,,,,,,
64887,2004,2004-04-20,Queens Sports Club,2,11.3,11.3,Sri Lanka,Zimbabwe,KC Sangakkara,DNT Zoysa,ML Nkala,1,0,,,,,,,,,,,,,
64887,2004,2004-04-20,Queens Sports Club,2,11.4,11.4,Sri Lanka,Zimbabwe,DNT Zoysa,KC Sangakkara,ML Nkala,1,0,,,,,,,,,,,,,
64887,2004,2004-04-20,Queens Sports Club,2,11.5,11.5,Sri Lanka,Zimbabwe,KC Sangakkara,DNT Zoysa,ML Nkala,1,0,,,,,,,,,,,,,
64887,2004,2004-04-20,Queens Sports Club,2,11.6,11.6,Sri Lanka,Zimbabwe,DNT Zoysa,KC Sangakkara,ML Nkala,0,0,,,,,,,,,,,,,
64887,2004,2004-04-20,Queens Sports Club,2,12.1,12.1,Sri Lanka,Zimbabwe,KC Sangakkara,DNT Zoysa,E Chigumbura,1,0,,,,,,,,,,,,,
64887,2004,2004-04-20,Queens Sports Club,2,12.2,12.2,Sri Lanka,Zimbabwe,DNT Zoysa,KC Sangakkara,E Chigumbura,1,0,,,,,,,,,,,,,
64887,2004,2004-04-20,Queens Sports Club,2,12.3,12.3,Sri Lanka,Zimbabwe,KC Sangakkara,DNT Zoysa,E Chigumbura,1,0,,,,,,,,,,,,,
64887,2004,2004-04-20,Queens Sports Club,2,12.4,12.4,Sri Lanka,Zimbabwe,DNT Zoysa,KC Sangakkara,E Chigumbura,1,0,,,,,,,,,,,,,
64887,2004,2004-04-20,Queens Sports Club,2,12.5,12.5,Sri Lanka,Zimbabwe,KC Sangakkara,DNT Zoysa,E Chigumbura,1,0,,,,,,,,,,,,,
64887,2004,2004-04-20,Queens Sports Club,2,12.6,12.6,Sri Lanka,Zimbabwe,DNT Zoysa,KC Sangakkara,E Chigumbura,1,0,,,,,,,,,,,,,
64887,2004,2004-04-20,Queens Sports Club,2,13.1,13.1,Sri Lanka,Zimbabwe,DNT Zoysa,KC Sangakkara,ML Nkala,4,0,,,,,,,,,,,,,
64887,2004,2004-04-20,Queens Sports Club,2,13.2,13.2,Sri Lanka,Zimbabwe,DNT Zoysa,KC Sangakkara,ML Nkala,1,0,,,,,,,,,,,,,
64887,2004,2004-04-20,Queens Sports Club,2,13.3,13.3,Sri Lanka,Zimbabwe,KC Sangakkara,DNT Zoysa,ML Nkala,1,0,,,,,,,,,,,,,
64887,2004,2004-04-20,Queens Sports Club,2,13.4,13.4,Sri Lanka,Zimbabwe,DNT Zoysa,KC Sangakkara,ML Nkala,0,0,,,,,,,,,,,,,
64887,2004,2004-04-20,Queens Sports Club,2,13.5,13.5,Sri Lanka,Zimbabwe,DNT Zoysa,KC Sangakkara,ML Nkala,1,0,,,,,,,,,,,,,
64887,2004,2004-04-20,Queens Sports Club,2,13.6,13.6,Sri Lanka,Zimbabwe,KC Sangakkara,DNT Zoysa,ML Nkala,0,0,,,,,,,,,,,,,
64887,2004,2004-04-20,Queens Sports Club,2,14.1,14.1,Sri Lanka,Zimbabwe,DNT Zoysa,KC Sangakkara,E Chigumbura,1,0,,,,,,,,,,,,,
64887,2004,2004-04-20,Queens Sports Club,2,14.2,14.2,Sri Lanka,Zimbabwe,KC Sangakkara,DNT Zoysa,E Chigumbura,1,0,,,,,,,,,,,,,
64887,2004,2004-04-20,Queens Sports Club,2,14.3,14.3,Sri Lanka,Zimbabwe,DNT Zoysa,KC Sangakkara,E Chigumbura,0,0,,,,,,,caught,DNT Zoysa,,,BRM Taylor,,
64887,2004,2004-04-20,Queens Sports Club,2,14.4,14.4,Sri Lanka,Zimbabwe,TM Dilshan,KC Sangakkara,E Chigumbura,0,0,,,,,,,,,,,,,
64887,2004,2004-04-20,Queens Sports Club,2,14.5,14.5,Sri Lanka,Zimbabwe,TM Dilshan,KC Sangakkara,E Chigumbura,0,0,,,,,,,,,,,,,
64887,2004,2004-04-20,Queens Sports Club,2,14.6,14.6,Sri Lanka,Zimbabwe,TM Dilshan,KC Sangakkara,E Chigumbura,0,0,,,,,,,,,,,,,
64887,2004,2004-04-20,Queens Sports Club,2,15.1,15.1,Sri Lanka,Zimbabwe,KC Sangakkara,TM Dilshan,ML Nkala,1,0,,,,,,,,,,,,,
64887,2004,2004-04-20,Queens Sports Club,2,15.2,15.2,Sri Lanka,Zimbabwe,TM Dilshan,KC Sangakkara,ML Nkala,1,0,,,,,,,,,,,,,
64887,2004,2004-04-20,Queens Sports Club,2,15.3,15.3,Sri Lanka,Zimbabwe,KC Sangakkara,TM Dilshan,ML Nkala,0,0,,,,,,,,,,,,,
64887,2004,2004-04-20,Queens Sports Club,2,15.4,15.4,Sri Lanka,Zimbabwe,KC Sangakkara,TM Dilshan,ML Nkala,1,0,,,,,,,,,,,,,
64887,2004,2004-04-20,Queens Sports Club,2,15.5,15.5,Sri Lanka,Zimbabwe,TM Dilshan,KC Sangakkara,ML Nkala,0,0,,,,,,,,,,,,,
64887,2004,2004-04-20,Queens Sports Club,2,15.6,15.6,Sri Lanka,Zimbabwe,TM Dilshan,KC Sangakkara,ML Nkala,1,0,,,,,,,,,,,,,
64887,2004,2004-04-20,Queens Sports Club,2,16.1,16.1,Sri Lanka,Zimbabwe,TM Dilshan,KC Sangakkara,E Chigumbura,4,0,,,,,,,,,,,,,
64887,2004,2004-04-20,Queens Sports Club,2,16.2,16.2,Sri Lanka,Zimbabwe,TM Dilshan,KC Sangakkara,E Chigumbura,1,0,,,,,,,,,,,,,
64887,2004,2004-04-20,Queens Sports Club,2,16.3,16.3,Sri Lanka,Zimbabwe,KC Sangakkara,TM Dilshan,E Chigumbura,1,0,,,,,,,,,,,,,
64887,2004,2004-04-20,Queens Sports Club,2,16.4,16.4,Sri Lanka,Zimbabwe,TM Dilshan,KC Sangakkara,E Chigumbura,0,0,,,,,,,,,,,,,
64887,2004,2004-04-20,Queens Sports Club,2,16.5,16.5,Sri Lanka,Zimbabwe,TM Dilshan,KC Sangakkara,E Chigumbura,1,0,,,,,,,,,,,,,
64887,2004,2004-04-20,Queens Sports Club,2,16.6,16.6,Sri Lanka,Zimbabwe,KC Sangakkara,TM Dilshan,E Chigumbura,0,1,,,,1,,,,,,,,,
64887,2004,2004-04-20,Queens Sports Club,2,17.1,17.1,Sri Lanka,Zimbabwe,KC Sangakkara,TM Dilshan,ML Nkala,0,0,,,,,,,,,,,,,
64887,2004,2004-04-20,Queens Sports Club,2,17.2,17.2,Sri Lanka,Zimbabwe,KC Sangakkara,TM Dilshan,ML Nkala,0,0,,,,,,,,,,,,,
64887,2004,2004-04-20,Queens Sports Club,2,17.3,17.3,Sri Lanka,Zimbabwe,KC Sangakkara,TM Dilshan,ML Nkala,0,0,,,,,,,,,,,,,
64887,2004,2004-04-20,Queens Sports Club,2,17.4,17.4,Sri Lanka,Zimbabwe,KC Sangakkara,TM Dilshan,ML Nkala,0,0,,,,,,,,,,,,,
64887,2004,2004-04-20,Queens Sports Club,2,17.5,17.5,Sri Lanka,Zimbabwe,KC Sangakkara,TM Dilshan,ML Nkala,1,0,,,,,,,,,,,,,
64887,2004,2004-04-20,Queens Sports Club,2,17.6,17.6,Sri Lanka,Zimbabwe,TM Dilshan,KC Sangakkara,ML Nkala,0,0,,,,,,,,,,,,,
64887,2004,2004-04-20,Queens Sports Club,2,18.1,18.1,Sri Lanka,Zimbabwe,KC Sangakkara,TM Dilshan,E Chigumbura,1,0,,,,,,,,,,,,,
64887,2004,2004-04-20,Queens Sports Club,2,18.2,18.2,Sri Lanka,Zimbabwe,TM Dilshan,KC Sangakkara,E Chigumbura,2,0,,,,,,,,,,,,,
64887,2004,2004-04-20,Queens Sports Club,2,18.3,18.3,Sri Lanka,Zimbabwe,TM Dilshan,KC Sangakkara,E Chigumbura,2,0,,,,,,,,,,,,,
64887,2004,2004-04-20,Queens Sports Club,2,18.4,18.4,Sri Lanka,Zimbabwe,TM Dilshan,KC Sangakkara,E Chigumbura,0,0,,,,,,,,,,,,,
64887,2004,2004-04-20,Queens Sports Club,2,18.5,18.5,Sri Lanka,Zimbabwe,TM Dilshan,KC Sangakkara,E Chigumbura,1,0,,,,,,,,,,,,,
64887,2004,2004-04-20,Queens Sports Club,2,18.6,18.6,Sri Lanka,Zimbabwe,KC Sangakkara,TM Dilshan,E Chigumbura,1,0,,,,,,,,,,,,,
64887,2004,2004-04-20,Queens Sports Club,2,19.1,19.1,Sri Lanka,Zimbabwe,KC Sangakkara,TM Dilshan,ML Nkala,1,0,,,,,,,,,,,,,
64887,2004,2004-04-20,Queens Sports Club,2,19.2,19.2,Sri Lanka,Zimbabwe,TM Dilshan,KC Sangakkara,ML Nkala,1,0,,,,,,,,,,,,,
64887,2004,2004-04-20,Queens Sports Club,2,19.3,19.3,Sri Lanka,Zimbabwe,KC Sangakkara,TM Dilshan,ML Nkala,1,0,,,,,,,,,,,,,
64887,2004,2004-04-20,Queens Sports Club,2,19.4,19.4,Sri Lanka,Zimbabwe,TM Dilshan,KC Sangakkara,ML Nkala,1,0,,,,,,,,,,,,,
64887,2004,2004-04-20,Queens Sports Club,2,19.5,19.5,Sri Lanka,Zimbabwe,KC Sangakkara,TM Dilshan,ML Nkala,1,0,,,,,,,,,,,,,
64887,2004,2004-04-20,Queens Sports Club,2,19.6,19.6,Sri Lanka,Zimbabwe,TM Dilshan,KC Sangakkara,ML Nkala,1,0,,,,,,,,,,,,,
64887,2004,2004-04-20,Queens Sports Club,2,20.1,20.1,Sri Lanka,Zimbabwe,TM Dilshan,KC Sangakkara,T Taibu,0,0,,,,,,,,,,,,,
64887,2004,2004-04-20,Queens Sports Club,2,20.2,20.2,Sri Lanka,Zimbabwe,TM Dilshan,KC Sangakkara,T Taibu,1,0,,,,,,,,,,,,,
64887,2004,2004-04-20,Queens Sports Club,2,20.3,20.3,Sri Lanka,Zimbabwe,KC Sangakkara,TM Dilshan,T Taibu,4,0,,,,,,,,,,,,,
64887,2004,2004-04-20,Queens Sports Club,2,20.4,20.4,Sri Lanka,Zimbabwe,KC Sangakkara,TM Dilshan,T Taibu,1,0,,,,,,,,,,,,,
64887,2004,2004-04-20,Queens Sports Club,2,20.5,20.5,Sri Lanka,Zimbabwe,TM Dilshan,KC Sangakkara,T Taibu,0,0,,,,,,,,,,,,,
64887,2004,2004-04-20,Queens Sports Club,2,20.6,20.6,Sri Lanka,Zimbabwe,TM Dilshan,KC Sangakkara,T Taibu,1,0,,,,,,,,,,,,,
64887,2004,2004-04-20,Queens Sports Club,2,21.1,21.1,Sri Lanka,Zimbabwe,TM Dilshan,KC Sangakkara,ML Nkala,0,1,1,,,,,,,,,,,,
64887,2004,2004-04-20,Queens Sports Club,2,21.2,21.1,Sri Lanka,Zimbabwe,TM Dilshan,KC Sangakkara,ML Nkala,0,0,,,,,,,,,,,,,
64887,2004,2004-04-20,Queens Sports Club,2,21.3,21.2,Sri Lanka,Zimbabwe,TM Dilshan,KC Sangakkara,ML Nkala,4,0,,,,,,,,,,,,,
64887,2004,2004-04-20,Queens Sports Club,2,21.4,21.3,Sri Lanka,Zimbabwe,TM Dilshan,KC Sangakkara,ML Nkala,1,0,,,,,,,,,,,,,
64887,2004,2004-04-20,Queens Sports Club,2,21.5,21.4,Sri Lanka,Zimbabwe,KC Sangakkara,TM Dilshan,ML Nkala,1,0,,,,,,,,,,,,,
64887,2004,2004-04-20,Queens Sports Club,2,21.6,21.5,Sri Lanka,Zimbabwe,TM Dilshan,KC Sangakkara,ML Nkala,3,0,,,,,,,,,,,,,
64887,2004,2004-04-20,Queens Sports Club,2,21.7,21.6,Sri Lanka,Zimbabwe,KC Sangakkara,TM Dilshan,ML Nkala,1,0,,,,,,,,,,,,,
64887,2004,2004-04-20,Queens Sports Club,2,22.1,22.1,Sri Lanka,Zimbabwe,KC Sangakkara,TM Dilshan,T Taibu,0,0,,,,,,,,,,,,,
64887,2004,2004-04-20,Queens Sports Club,2,22.2,22.2,Sri Lanka,Zimbabwe,KC Sangakkara,TM Dilshan,T Taibu,0,1,1,,,,,,,,,,,,
64887,2004,2004-04-20,Queens Sports Club,2,22.3,22.2,Sri Lanka,Zimbabwe,KC Sangakkara,TM Dilshan,T Taibu,1,0,,,,,,,,,,,,,
64887,2004,2004-04-20,Queens Sports Club,2,22.4,22.3,Sri Lanka,Zimbabwe,TM Dilshan,KC Sangakkara,T Taibu,0,0,,,,,,,,,,,,,
64887,2004,2004-04-20,Queens Sports Club,2,22.5,22.4,Sri Lanka,Zimbabwe,TM Dilshan,KC Sangakkara,T Taibu,0,0,,,,,,,,,,,,,
64887,2004,2004-04-20,Queens Sports Club,2,22.6,22.5,Sri Lanka,Zimbabwe,TM Dilshan,KC Sangakkara,T Taibu,1,0,,,,,,,,,,,,,
64887,2004,2004-04-20,Queens Sports Club,2,22.7,22.6,Sri Lanka,Zimbabwe,KC Sangakkara,TM Dilshan,T Taibu,0,0,,,,,,,,,,,,,
64887,2004,2004-04-20,Queens Sports Club,2,23.1,23.1,Sri Lanka,Zimbabwe,TM Dilshan,KC Sangakkara,DT Hondo,1,0,,,,,,,,,,,,,
64887,2004,2004-04-20,Queens Sports Club,2,23.2,23.2,Sri Lanka,Zimbabwe,KC Sangakkara,TM Dilshan,DT Hondo,1,0,,,,,,,,,,,,,
64887,2004,2004-04-20,Queens Sports Club,2,23.3,23.3,Sri Lanka,Zimbabwe,TM Dilshan,KC Sangakkara,DT Hondo,0,0,,,,,,,,,,,,,
64887,2004,2004-04-20,Queens Sports Club,2,23.4,23.4,Sri Lanka,Zimbabwe,TM Dilshan,KC Sangakkara,DT Hondo,0,0,,,,,,,,,,,,,
64887,2004,2004-04-20,Queens Sports Club,2,23.5,23.5,Sri Lanka,Zimbabwe,TM Dilshan,KC Sangakkara,DT Hondo,2,0,,,,,,,,,,,,,
64887,2004,2004-04-20,Queens Sports Club,2,23.6,23.6,Sri Lanka,Zimbabwe,TM Dilshan,KC Sangakkara,DT Hondo,0,0,,,,,,,,,,,,,
64887,2004,2004-04-20,Queens Sports Club,2,24.1,24.1,Sri Lanka,Zimbabwe,KC Sangakkara,TM Dilshan,T Taibu,1,0,,,,,,,,,,,,,
64887,2004,2004-04-20,Queens Sports Club,2,24.2,24.2,Sri Lanka,Zimbabwe,TM Dilshan,KC Sangakkara,T Taibu,1,0,,,,,,,,,,,,,
64887,2004,2004-04-20,Queens Sports Club,2,24.3,24.3,Sri Lanka,Zimbabwe,KC Sangakkara,TM Dilshan,T Taibu,0,0,,,,,,,,,,,,,
64887,2004,2004-04-20,Queens Sports Club,2,24.4,24.4,Sri Lanka,Zimbabwe,KC Sangakkara,TM Dilshan,T Taibu,0,1,,,,1,,,,,,,,,
64887,2004,2004-04-20,Queens Sports Club,2,24.5,24.5,Sri Lanka,Zimbabwe,TM Dilshan,KC Sangakkara,T Taibu,0,0,,,,,,,,,,,,,
64887,2004,2004-04-20,Queens Sports Club,2,24.6,24.6,Sri Lanka,Zimbabwe,TM Dilshan,KC Sangakkara,T Taibu,0,0,,,,,,,,,,,,,
64887,2004,2004-04-20,Queens Sports Club,2,25.1,25.1,Sri Lanka,Zimbabwe,KC Sangakkara,TM Dilshan,DT Hondo,0,0,,,,,,,,,,,,,
64887,2004,2004-04-20,Queens Sports Club,2,25.2,25.2,Sri Lanka,Zimbabwe,KC Sangakkara,TM Dilshan,DT Hondo,1,0,,,,,,,,,,,,,
64887,2004,2004-04-20,Queens Sports Club,2,25.3,25.3,Sri Lanka,Zimbabwe,TM Dilshan,KC Sangakkara,DT Hondo,1,0,,,,,,,,,,,,,
64887,2004,2004-04-20,Queens Sports Club,2,25.4,25.4,Sri Lanka,Zimbabwe,KC Sangakkara,TM Dilshan,DT Hondo,2,0,,,,,,,,,,,,,
64887,2004,2004-04-20,Queens Sports Club,2,25.5,25.5,Sri Lanka,Zimbabwe,KC Sangakkara,TM Dilshan,DT Hondo,1,0,,,,,,,,,,,,,
64887,2004,2004-04-20,Queens Sports Club,2,25.6,25.6,Sri Lanka,Zimbabwe,TM Dilshan,KC Sangakkara,DT Hondo,1,0,,,,,,,,,,,,,
64887,2004,2004-04-20,Queens Sports Club,2,26.1,26.1,Sri Lanka,Zimbabwe,TM Dilshan,KC Sangakkara,T Taibu,1,0,,,,,,,,,,,,,
64887,2004,2004-04-20,Queens Sports Club,2,26.2,26.2,Sri Lanka,Zimbabwe,KC Sangakkara,TM Dilshan,T Taibu,4,0,,,,,,,,,,,,,
64887,2004,2004-04-20,Queens Sports Club,2,26.3,26.3,Sri Lanka,Zimbabwe,KC Sangakkara,TM Dilshan,T Taibu,1,0,,,,,,,,,,,,,
64887,2004,2004-04-20,Queens Sports Club,2,26.4,26.4,Sri Lanka,Zimbabwe,TM Dilshan,KC Sangakkara,T Taibu,1,0,,,,,,,,,,,,,
64887,2004,2004-04-20,Queens Sports Club,2,26.5,26.5,Sri Lanka,Zimbabwe,KC Sangakkara,TM Dilshan,T Taibu,0,0,,,,,,,,,,,,,
64887,2004,2004-04-20,Queens Sports Club,2,26.6,26.6,Sri Lanka,Zimbabwe,KC Sangakkara,TM Dilshan,T Taibu,0,0,,,,,,,,,,,,,
